178318
178305
178286
178294
178299
178298
179898
178294
178232
178279
178276
178280
178307
602996
601760
179995
178234
178314
178248
178254
180077
179899
603224
178315
178236
179992
178304
601750
178287
178297
178291
602901
180074
178293
178265
178253
180676
601762
180032
179892
178288
180016
178285
602663
6023769
179997
180075
180041
178302
178281
180045
178256
179893
179900
179894
178310
178255
180014
178303
180023
178263
178317
178306
178229
602651
180073
178261
10805
602986
6069845
6035306
178278
179981
178283
179994
6046820
6050111
180029
178252
601784
178242
1428
602991
180008
180025
178312
178316
180000
1079
602905
603258
602721
180030
180010
178277
178289
179897
178295
601717
178308
178239